0,373
0,322
0,0
0,368
0,367
25,3
25,2
0,366
25,1
25,0
0,7
18,3
0,300
0,299
0,298
0,297
0,296
0,295
0,294
0,293
0,292
0,291
0,290
0,289
0,288
0,287
0,286
0,285
0,284
0,283
0,282
0,281
0,280
0,279
0,278
0,277
0,276
0,275
0,274
0,273
0,272
0,271
0,270
0,269
0,268
0,267
0,266
0,265
0,264
0,263
0,262
0,261
0,260
0,259
0,258
0,257
0,256
0,255
0,254
0,253
0,252
0,251
0,250
0,249
0,248
0,247
0,246
0,245
0,244
0,242
0,241
0,240
0,239
0,238
20,4
0,237
0,236
0,235
0,234
0,233
0,232
0,231
0,230
0,229
0,228
0,227
0,226
0,222
0,221
0,220
0,219
0,218
0,217
0,216
0,215
9,3
0,214
0,213
0,212
0,211
0,210
0,209
0,208
0,207
0,206
0,205
0,204
0,203
0,202
0,201
0,200
0,199
7,4
0,198
0,197
0,331
0,194
0,193
0,192
0,63
10,3
0,62
0,61
0,60
0,59
0,58
0,57
0,56
23,4
0,55
0,54
0,53
0,52
0,51
0,50
0,49
0,48
22,3
0,47
0,46
0,45
0,6
0,223
0,308
0,307
0,9
0,360
0,310
0,225
0,362
0,224
0,361
21,3
20,3
11,3
12,4
12,3
13,3
8,4
14,3
6,4
17,3
15,3
2,3
1,3
0,304
0,303
24,3
0,12
0,1
0,11
0,10
24,0
0,8
0,196
0,333
0,195
0,332
5,3
19,3
16,3
24,2
24,1
23,3
23,1
23,0
22,1
22,0
21,1
21,0
20,1
20,0
19,1
19,0
18,1
18,0
17,2
17,1
17,0
16,2
16,1
16,0
15,1
15,0
14,1
14,0
13,1
13,0
12,1
12,0
11,1
11,0
10,1
10,0
9,2
9,1
9,0
8,3
8,1
8,0
7,3
7,1
7,0
6,3
6,1
6,0
5,1
5,0
4,3
4,1
4,0
2,1
2,0
1,1
1,0
